47.65308160041933 -122.30610966708241 1
47.65300039298941 -122.3060162003973 2
47.652970558832294 -122.30603739990241 3
47.65295680546233 -122.30594119065663 4
47.653017435876706 -122.30594669268402 5
47.65304979913801 -122.30593682597714 6
47.65304291105271 -122.30595046740805 7
47.65318121406301 -122.30611223679267 0 
47.65320947924296 -122.30621465577732 1
47.65320817264428 -122.30620920321161 2
47.65322104511613 -122.30624897797168 3
47.65323226983306 -122.30625532240782 4
47.65327824036413 -122.30625485992007 5
47.653303419862866 -122.30624890322585 6
